IDF50 50 0 2166
IDF50 50 1 2166
IDF50 50 2 3568
IDF50 50 4 4008
IDF50 50 8 3669
IDF50 50 10 2115
IDF50 50 12 4038

IDF100 100 0 2194
IDF100 100 1 2194
IDF100 100 2 3547
IDF100 100 4 3086
IDF100 100 8 3522
IDF100 100 10 2192
IDF100 100 12 2300

IDF200 200 0 2105
IDF200 200 1 2105
IDF200 200 2 3652
IDF200 200 4 3843
IDF200 200 8 3404
IDF200 200 10 2942
IDF200 200 12 2033

IDF500 500 0 2702
IDF500 500 1 2702
IDF500 500 2 3656
IDF500 500 4 3609
IDF500 500 8 3574
IDF500 500 10 2330
IDF500 500 12 2591

IDF800 800 0 2185
IDF800 800 1 2185
IDF800 800 2 3534
IDF800 800 4 3230
IDF800 800 8 3082
IDF800 800 10 3365
IDF800 800 12 3458

IDF4200 4200 0 7089
IDF4200 4200 1 7089
IDF4200 4200 2 7086
IDF4200 4200 4 5158
IDF4200 4200 8 6575
IDF4200 4200 10 6001
IDF4200 4200 12 5391

IDF10000 10000 0 8803
IDF10000 10000 1 8803
IDF10000 10000 2 7799
IDF10000 10000 4 7802
IDF10000 10000 8 8274
IDF10000 10000 10 8173
IDF10000 10000 12 7740

IDF100000 100000 0 81593
IDF100000 100000 1 81593
IDF100000 100000 2 79325
IDF100000 100000 4 74550
IDF100000 100000 8 87476
IDF100000 100000 10 86090
IDF100000 100000 12 92958