unclassified50 50 0 163370 163370
unclassified50 50 1 163370 163370
unclassified50 100 2 163370 141666
unclassified50 200 4 163370 150893
unclassified50 500 10 163370 142763
unclassified50 600 12 163370 160377

unclassified100 100 0 301177 301177
unclassified100 100 1 301177 301177
unclassified100 200 2 301177 291971
unclassified100 400 4 301177 297213
unclassified100 1000 10 301177 289736
unclassified100 1200 12 301177 308833

unclassified150 150 0 469327 469327
unclassified150 150 1 469327 469327
unclassified150 300 2 469327 438757
unclassified150 600 4 469327 424377
unclassified150 1500 10 469327 425454
unclassified150 1800 12 469327 472085

unclassified200 200 0 584284 584284
unclassified200 200 1 584284 584284
unclassified200 400 2 584284 590564
unclassified200 800 4 584284 574599
unclassified200 2000 10 584284 569985
unclassified200 2400 12 584284 671459

unclassified300 300 0 881735 881735
unclassified300 300 1 881735 881735
unclassified300 600 2 881735 848595
unclassified300 1200 4 881735 849327
unclassified300 3000 10 881735 937783
unclassified300 3600 12 881735 1015807
