300 300 0 2475 2475
300 300 1 2475 2475
300 600 2 2475 3689
300 1200 4 2475 3390
300 3000 10 2475 7211
300 3600 12 2475 6969

50 50 0 2432 2432
50 50 1 2432 2432
50 100 2 2432 2275
50 200 4 2432 2475
50 500 10 2432 6140
50 600 12 2432 6790

100 100 0 2090 2090    
100 100 1 2090 2090
100 200 2 2090 3846
100 400 4 2090 3619
100 1000 10 2090 2725
100 1200 12 2090 3326

150 150 0 3505 3505
150 150 1 3505 3505
150 300 2 3505 2698
150 600 4 3505 3626
150 1500 10 3505 3544
150 1800 12 3505 4679

200 200 0 2144 2144
200 200 1 2144 2144
200 400 2 2144 3329
200 800 4 2144 3519
200 2000 10 2144 3857
200 2400 12 2144 6406